0 60.4997
1 0.839453
2 0.590497
3 0.928781
4 1.06955
5 1.14678
6 0.752882
7 1.27542
8 1.30288
9 2.17004
10 0.196491
11 0.00288184
12 0.00288184
13 0.821333
14 0.929357
15 0.00288184
16 0.29429
17 0.731835
18 0.00288184
19 2.36409
20 1.09526
21 2.54993
22 0.574583
23 3.07047
24 0.732048
25 4.19652
26 2.34781
27 0.215806
28 0.828964
29 0.933371
30 0.559105
31 1.24042
32 0.521273
33 0.502882
34 0.105567
35 0.0862152
36 0.704408
37 0.00288184
38 0.453987
39 0.60904
40 1.88616
41 1.88608
42 0.502882
43 0.00288184
44 0.276661
45 0.438198
46 0.335948
47 0.336215
48 1.1092
49 1.20288
50 0.416604
51 0.482314
52 0.202882
53 2.00458
54 0.415907
55 0.353679
56 3.27028
57 0.638882
58 1.7241
59 0.685341
60 0.162622
61 0.261705
62 0.903642
63 0.112156
64 0.534343
65 0.370027
66 0.321152
67 2.75832
68 0.765252
69 0.32942
70 0.113993
71 0.363993
72 0.750318
73 0.535833
74 0.00288184
75 0.395978
76 0.267375
77 0.596484
78 0.858437
79 0.207055
80 1.18953
81 0.669549
82 1.49866
83 0.482314
84 0.719379
85 0.561558
86 0.419281
87 0.50353
88 1.55247
89 1.10705
90 0.336215
91 1.30288
92 1.04945
93 0.676035
94 1.07203
95 0.836215
96 0.582247
97 0.447326
98 1.38072
99 1.26779
100 0.879609
101 0.984885
102 0.491009
103 0.361205
104 1.0528
105 0.444401
106 0.303807
107 66.3868
108 0.694096
109 1.24339
110 0.577882
111 1.43581
112 0.315382
113 1.20726
114 0.00288184
115 1.82146
116 1.10241
117 0.372811
118 1.43607
119 3.59127
120 0.359119
121 0.67471
122 2.38554
123 0.480108
124 0.416778
125 0.0528455
126 0.396049
127 0.990001
128 0.745339
129 0.394941
130 0.986034
131 0.520714
132 0.741146
133 1.0498
134 0.496278
135 0.618394
136 2.65185
137 1.4789
138 0.0653818
139 0.498914
140 0.583921
141 0.881985
142 1.34514
143 1.78351
144 0.9536
145 0.336215
146 0.427895
147 0.752882
148 0.859035
149 0.954325
150 0.860467
151 0.37019
152 0.339919
153 0.0261377
154 0.169549
155 0.395039
156 0.615049
157 0.586215
158 1.05468
159 0.683972
160 0.127882
161 0.714387
162 0.471449
163 0.346031
164 0.0741584
165 0.364752
166 0.419549
167 0.670083
168 0.611365
169 1.56017
170 1.95543
171 3.54048
172 1.52663
173 1.57765
174 0.732049
175 1.92091
176 0.383418
177 1.10926
178 0.748367
179 1.00288
180 0.98146
181 1.06955
182 0.669549
183 0.0584374
184 1.09695
185 0.929897
186 1.50333
187 0.768869
188 1.8254
189 0.534343
190 0.339483
191 0.0976399
192 1.3005
193 0.711215
194 0.915274
195 0.858437
196 0.520862
197 0.986297
198 1.50685
199 1.69456
200 1.99794
201 0.377882
202 0.369549
203 2.16888
204 1.03158
205 0.202882
206 0.288138
207 0.0295912
208 0.127539
209 0.00288184
210 0.00288184
211 1.00623
212 0.606496
213 1.65513
214 1.28135
215 0.00288184
216 0.127882
217 0.590661
218 0.858437
219 1.08622
220 0.338962
221 0.21904
222 0.579709
223 0.645931
224 0.89401
225 0.900172
226 0.870991
227 1.50721
228 0.261705
229 0.381752
230 1.9122
231 0.965794
232 0.719063
233 0.502882
234 0.019831
235 0.194396
236 1.42769
237 0.482314
238 0.773201
239 2.55823
240 0.152614
241 0.252882
242 1.11169
243 0.976401
244 0.502882
245 0.436705
246 0.531069
247 0.329805
248 0.708072
249 1.22493
250 0.106526
251 0.866257
252 2.37856
253 0.447326
254 0.80678
255 0.252882
256 0.502882
257 0.717644
258 0.617496
259 1.30288
260 1.00066
261 1.57274
262 0.338962
263 0.62593
264 0.577882
265 0.922247
266 0.866027
267 0.0617054
268 0.275365
269 0.580122
270 0.368252
271 2.66914
272 1.72964
273 0.858437
274 0.577211
275 1.06955
276 0.470202
277 3.01797
278 0.989061
279 0.0743104
280 1.94541
281 0.968837
282 0.502882
283 0.437309
284 0.979948
285 2.12768
286 0.336215
287 0.00288184
288 0.0565083
289 0.186705
290 0.317096
291 1.53037
292 0.00288184
293 0.315382
294 0.184933
295 0.371469
296 0.62593
297 0.556884
298 0.28676
299 1.09078
300 0.288971
301 0.541343
302 0.931159
303 0.790713
304 1.97612
305 0.0413434
306 0.858437
307 0.470054
308 0.884271
309 0.618394
310 1.21248
311 0.302175
312 2.76157
313 1.51315
314 0.529431
315 2.14033
316 0.0798049
317 0.312999
318 0.302761
319 1.10705
320 1.36674
321 0.145039
322 3.50934
323 1.4844
324 1.47591
325 1.19533
326 1.25037
327 0.419549
328 0.858437
329 1.92191
330 0.726905
331 0.72224
332 1.68335
333 0.551785
334 1.09157
335 0.00288184
336 0.0673746
337 0.814924
338 0.214827
339 1.85215
340 0.22545
341 0.283692
342 1.12864
343 1.29436
344 0.372542
345 0.492949
346 1.45329
347 0.432776
348 20.9541
349 0.34717
350 1.1435
351 0.643256
352 0.539727
353 2.33254
354 0.860834
355 1.27169
356 0.5377
357 0.874183
358 0.00436681
359 1.29579
360 1.13965
361 1.20548
362 0.753096
363 2.42609
364 1.08334
365 0.0978737
366 2.18257
367 0.965224
368 0.960274
369 1.34172
370 1.64767
371 0.118803
372 0.874123
373 2.62715
374 1.43499
375 0.35638
376 4.59015
377 0.3377
378 1.2359
379 0.104367
380 0.536762
381 0.529029
382 0.41606
383 0.532145
384 0.501986
385 0.103201
386 0.604367
387 1.12367
388 0.709865
389 1.92266
390 0.12163
391 1.30394
392 0.646156
393 0.684922
394 0.756905
395 1.76402
396 0.943957
397 1.75814
398 0.790271
399 0.869446
400 1.42326
401 0.3377
402 1.20583
403 0.642753
404 1.21701
405 0.401558
406 0.232145
407 0.763566
408 1.33508
409 0.777777
410 0.509397
411 0.504367
412 2.90413
413 0.730523
414 19.1358
415 0.715208
416 0.432763
417 1.13709
418 0.587644
419 1.64905
420 0.639669
421 0.630393
422 2.43319
423 1.45393
424 0.929559
425 0.597932
426 0.424265
427 0.534163
428 3.53709
429 0.534096
430 0.811385
431 1.63883
432 1.54468
433 0.500437
434 1.00942
435 0.383293
436 1.78745
437 1.63025
438 1.46249
439 0.9631
440 0.357895
441 0.869446
442 0.204478
443 0.204367
444 1.04251
445 0.739342
446 0.431286
447 0.00436681
448 0.0783419
449 0.375121
450 0.742527
451 0.459258
452 1.04897
453 1.27103
454 0.315478
455 1.6655
456 1.3237
457 1.07644
458 0.736756
459 0.4657
460 2.15386
461 1.08855
462 0.604039
463 1.25489
464 0.698811
465 1.80823
466 0.464161
467 0.454367
468 0.204367
469 0.945292
470 0.721001
471 0.580479
472 0.534324
473 0.773122
474 0.677626
475 3.1483
476 0.573811
477 0.614724
478 0.554746
479 0.845888
480 0.494264
481 0.990024
482 0.621541
483 5.91575
484 2.39406
485 0.172597
486 0.87325
487 0.626953
488 0.487961
489 0.785356
490 0.495037
491 0.371463
492 1.24119
493 1.33535
494 0.529132
495 0.506651
496 0.977266
497 1.8752
498 0.748338
499 0.204367
500 1.94911
501 0.869446
502 0.33903
503 1.22434
504 2.26959
505 0.637033
506 1.57816
507 1.47979
508 0.78536
509 0.779994
510 1.00918
511 0.534772
512 0.595708
513 2.24935
514 1.31558
515 1.21205
516 1.05398
517 2.26163
518 1.12859
519 0.7438
520 1.08497
521 0.270317
522 0.60103
523 1.00869
524 1.2467
525 1.43958
526 1.58927
527 0.763827
528 0.42415
529 0.437225
530 0.14513
531 1.79837
532 2.24033
533 0.419596
534 0.509046
535 0.3345
536 0.50722
537 0.752679
538 1.97891
539 1.17064
540 0.279492
541 0.292871
542 1.34408
543 0.860041
544 1.43113
545 0.966132
546 0.87546
547 1.08059
548 0.964105
549 0.31193
550 0.00436681
551 0.938649
552 0.501986
553 2.09431
554 0.930882
555 1.19905
556 1.61993
557 0.970557
558 0.498067
559 1.62869
560 0.714726
561 1.59442
562 0.172062
563 4.48616
564 1.25
565 0.332939
566 1.64221
567 1.98027
568 0.63315
569 0.326186
570 0.864126
571 0.0458044
572 0.454367
573 1.61754
574 0.594935
575 0.452484
576 0.555512
577 0.927927
578 1.0587
579 2.14966
580 2.13766
581 0.506289
582 0.87313
583 1.1437
584 1.06202
585 0.00628931
586 0.305258
587 0.394191
588 0.554591
589 0.942989
590 0.457201
591 0.949144
592 2.30194
593 0.187679
594 0.883832
595 0.779185
596 2.29322
597 0.860633
598 0.568357
599 1.01616
600 1.0894
601 0.527599
602 0.00628931
603 0.746398
604 0.772105
605 0.68908
606 1.96612
607 0.00628931
608 0.00628931
609 1.18311
610 0.054806
611 0.622818
612 0.608699
613 0.00628931
614 0.52486
615 1.09658
616 1.48675
617 1.59275
618 1.21857
619 1.11391
620 0.675277
621 0.387895
622 0.727603
623 0.722355
624 0.00628931
625 0.921819
626 0.596576
627 1.0587
628 0.495221
629 0.271212
630 2.2221
631 0.649622
632 0.970706
633 0.611936
634 0.549063
635 0.891962
636 1.06462
637 2.83714
638 0.00628931
639 0.469209
640 1.00133
641 1.40948
642 0.506289
643 1.0894
644 1.05029
645 0.959779
646 0.46449
647 0.851433
648 0.0462893
649 0.231102
650 0.969766
651 1.67425
652 0.0513081
653 1.23513
654 1.58608
655 0.237584
656 0.0286107
657 0.416247
658 1.0587
659 1.0587
660 0.125588
661 1.0894
662 1.0706
663 0.459298
664 0.738489
665 0.778598
666 0.612605
667 0.139985
668 0.00628931
669 0.694113
670 0.985458
671 0.103084
672 0.242049
673 0.0513081
674 0.00628931
675 1.01143
676 0.290393
677 0.964805
678 1.41876
679 0.329612
680 1.22682
681 1.03921
682 0.804198
683 0.56716
684 0.855761
685 0.645108
686 17.9438
687 0.997597
688 1.68537
689 0.560919
690 0.245434
691 0.393917
692 0.00588235
693 0.431201
694 2.18141
695 1.5021
696 0.830562
697 2.02398
698 11.3813
699 0.072549
700 0.225442
701 0.707283
702 0.608996
703 1.72975
704 0.229427
705 2.94495
706 0.395813
707 0.794313
708 1.1628
709 0.536891
710 0.230567
711 0.690314
712 1.05179
713 3.40726
714 1.16032
715 0.223268
716 0.487364
717 0.64874
718 1.05695
719 2.34814
720 1.12378
721 0.158245
722 0.41353
723 0.365521
724 1.71772
725 0.53624
726 1.22963
727 1.26548
728 1.50127
729 1.0055
730 0.55106
731 0.683147
732 1.45126
733 0.432604
734 1.25937
735 0.152244
736 1.27981
737 0.466621
738 0.996327
739 1.2415
740 0.760589
741 0.587934
742 0.789581
743 0.149472
744 0.0535014
745 2.4518
746 0.696096
747 2.2701
748 0.713923
749 0.255882
750 0.0429194
751 0.290324
752 1.06911
753 0.625741
754 0.971564
755 0.778808
756 0.309508
757 1.04037
758 0.796751
759 0.272165
760 0.763444
761 0.214978
762 0.337638
763 0.612206
764 0.989516
765 0.47681
766 1.12428
767 0.601853
768 1.10234
769 1.0008
770 1.84068
771 1.33181
772 0.49067
773 1.19302
774 1.27578
775 0.255882
776 1.12575
777 0.703899
778 0.58024
779 0.64297
780 1.03922
781 1.81043
782 1.27412
783 0.648775
784 1.89284
785 0.216027
786 0.579922
787 1.18643
788 0.215406
789 0.959591
790 0.328982
791 0.482668
792 0.825568
793 0.933762
794 0.489425
795 0.921914
796 0.498985
797 1.12002
798 0.855773
799 0.682777
800 1.55734
801 0.00588235
802 0.273144
803 1.13409
804 1.14223
805 2.64546
806 1.51554
807 0.670428
808 0.357062
809 0.687456
810 0.937357
811 0.487147
812 0.247142
813 0.4961
814 0.872942
815 1.33579
816 0.617525
817 0.883628
818 1.22294
819 1.37211
820 1.38446
821 0.287741
822 1.32472
823 1.88678
824 2.10287
825 0.573152
826 0.379172
827 1.60799
828 3.46043
829 1.4112
830 1.98945
831 0.53927
832 0.361438
833 1.91667
834 1.29851
835 0.746168
836 0.518588
837 0.533562
838 0.661465
839 1.26151
840 0.792814
841 0.130882
842 1.37708
843 0.42569
844 0.373895
845 0.678868
846 0.451996
847 0.8619
848 1.47735
849 1.13738
850 0.537651
851 0.0596521
852 0.64874
853 1.51579
854 0.0693439
855 0.64874
856 2.694
857 1.00041
858 0.609944
859 0.125817
860 0.0159685
861 0.726545
862 1.27867
863 0.908713
864 0.707014
865 0.389706
866 0.740896
867 1.10598
868 0.389706
869 0.422492
870 1.08375
871 0.917087
872 0.838119
873 0.647642
874 0.838119
875 0.0147059
876 0.908713
877 0.361928
878 0.774622
879 0.893277
880 0.178199
881 1.03375
882 0.563511
883 0.0147059
884 0.631373
885 1.61986
886 0.63787
887 0.647642
888 0.638511
889 1.16629
890 0.465977
891 0.0147059
892 0.0147059
893 0.490347
894 0.52423
895 0.843277
896 2.59033
897 1.08969
898 0.721081
899 0.367624
900 0.371583
901 1.14887
902 0.676066
903 1.12587
904 0.546412
905 0.563605
906 0.810787
907 0.200024
908 1.4129
909 0.919644
910 0.583497
911 0.000956938
912 0.808675
913 1.15334
914 0.422164
915 0.908256
916 1.50241
917 3.352
918 0.000956938
919 0.495236
920 0.468668
921 1.05266
922 0.586838
923 0.386387
924 1.35527
925 1.85436
926 0.355197
927 0.758066
928 0.426613
929 0.375049
930 1.32941
931 0.495473
932 0.828395
933 0.585403
934 0.614907
935 0.202242
936 0.846223
937 0.492858
938 0.899073
939 0.954489
940 0.444122
941 1.29683
942 1.28642
943 0.546493
944 1.02628
945 0.0917335
946 1.74767
947 1.10898
948 1.02064
949 0.577442
950 0.391938
951 0.75628
952 0.638908
953 1.10057
954 0.975357
955 0.886311
956 0.728499
957 1.09764
958 0.729557
959 0.608966
960 1.28428
961 0.948164
962 0.704618
963 1.06945
964 0.954091
965 0.411831
966 1.04185
967 1.2188
968 1.15467
969 0.573179
970 0.556126
971 0.722164
972 0.270131
973 0.670475
974 0.473156
975 0.830484
976 0.493869
977 0.895047
978 1.10528
979 0.802184
980 1.64384
981 0.725731
982 1.18367
983 0.682771
984 0.637125
985 0.340631
986 0.332619
987 0.292089
988 0.58603
989 0.536152
990 1.4639
991 0.957831
992 0.982337
993 1.43631
994 0.51214
995 1.37121
996 0.219587
997 0.959111
998 0.325411
999 0.697693
1000 1.20564
1001 0.966288
1002 0.750957
1003 1.06994
1004 1.0988
1005 0.41075
1006 1.60106
1007 0.389599
1008 0.343583
1009 0.998682
1010 1.22832
1011 0.902768
1012 0.615143
1013 0.667512
1014 1.94816
1015 0.568201
1016 0.691072
1017 1.52101
1018 0.867668
1019 0.960477
1020 1.05815
1021 1.02264
1022 0.0751932
1023 0.558342
1024 1.16402
1025 0.695905
1026 0.956776
1027 0.500957
1028 0.612626
1029 1.65122
1030 1.16207
1031 0.110675
1032 1.5749
1033 0.784633
1034 0.0848385
1035 0.80446
1036 0.926794
1037 1.01585
1038 0.212041
1039 0.255952
1040 0.802608
1041 1.52195
1042 0.369507
1043 0.997422
1044 0.444377
1045 0.81479
1046 0.58429
1047 0.772246
1048 1.17173
1049 0.892678
1050 0.660672
1051 1.21035
1052 1.70298
1053 0.571458
1054 0.581676
1055 0.748373
1056 0.798064
1057 0.446745
1058 0.317098
1059 1.58991
1060 0.77257
1061 0.475319
1062 0.814892
1063 0.275373
1064 1.42301
1065 0.0723855
1066 1.28107
1067 1.30734
1068 0.527687
1069 0.302714
1070 2.43326
1071 0.445401
1072 0.787759
1073 0.547185
1074 0.758256
1075 0.888111
1076 1.29243
1077 0.579949
1078 1.67206
1079 1.07459
1080 1.42632
1081 0.467962
1082 0.950829
1083 1.07365
1084 0.209474
1085 2.42236
1086 2.75631
1087 0.590365
1088 0.78215
1089 0.742631
1090 0.591754
1091 0.320202
1092 0.531185
1093 0.351002
1094 0.405023
1095 0.594459
1096 0.000956938
1097 1.28647
1098 1.30295
1099 1.06093
1100 1.10564
1101 1.2805
1102 0.914746
1103 0.181396
1104 2.05675
1105 0.750957
1106 1.14743
1107 1.3302
1108 0.703325
1109 1.05934
1110 1.10646
1111 0.708533
1112 0.604207
1113 1.16857
1114 1.15827
1115 0.543088
1116 0.288753
1117 1.22777
1118 1.19516
1119 0.000956938
1120 0.845177
1121 0.59506
1122 1.12748
1123 0.978436
1124 1.50918
1125 1.08205
1126 2.06709
1127 1.17945
1128 1.04447
1129 1.02758
1130 0.704585
1131 1.02378
1132 1.35098
1133 0.563336
1134 0.688119
1135 0.73818
1136 1.43249
1137 0.992234
1138 1.34379
1139 0.658074
1140 0.24867
1141 0.528104
1142 0.810421
1143 0.267467
1144 0.943451
1145 0.000956938
1146 1.43579
1147 0.0955337
1148 1.11185
1149 0.984559
1150 0.664123
1151 0.167333
1152 0.278068
1153 1.28717
1154 0.53359
1155 1.16671
1156 0.979127
1157 0.393403
1158 1.06673
1159 1.57605
1160 0.897648
1161 0.772926
1162 0.503702
1163 0.898501
1164 0.2271
1165 1.42468
1166 1.0279
1167 0.771284
1168 0.314978
1169 0.57882
1170 0.874503
1171 1.73515
1172 1.0345
1173 1.65501
1174 0.87779
1175 1.38978
1176 0.0114833
1177 1.22332
1178 0.672812
1179 0.968034
1180 0.368935
1181 0.782435
1182 0.716808
1183 0.835051
1184 1.51917
1185 1.41036
1186 0.496419
1187 0.675061
1188 0.804529
1189 1.11329
1190 0.556009
1191 1.0388
1192 1.70808
1193 0.602719
1194 0.744547
1195 0.543143
1196 0.432992
1197 1.02779
1198 0.653311
1199 2.22425
1200 0.217903
1201 0.52382
1202 1.64672
1203 0.34486
1204 1.90795
1205 1.01014
1206 0.000956938
1207 0.704893
1208 0.500957
1209 0.792286
1210 1.00194
1211 1.68211
1212 1.2587
1213 0.801964
1214 1.40079
1215 0.940235
1216 1.19177
1217 1.22186
1218 0.842524
1219 0.496379
1220 0.277845
1221 1.49982
1222 1.50515
1223 0.590145
1224 0.33429
1225 0.909765
1226 0.919844
1227 1.46429
1228 0.777375
1229 0.822871
1230 1.14154
1231 1.35105
1232 0.897877
1233 0.0226961
1234 0.612029
1235 2.06952
1236 1.53469
1237 1.34971
1238 1.67185
1239 0.0824377
1240 1.495
1241 0.440609
1242 0.870419
1243 1.04909
1244 0.380218
1245 0.701734
1246 0.970379
1247 0.608367
1248 0.420364
1249 0.491388
1250 1.3302
1251 0.422804
1252 0.258533
1253 0.445401
1254 0.663661
1255 1.19606
1256 1.41964
1257 0.89922
1258 1.12495
1259 1.70695
1260 0.905272
1261 1.3554
1262 0.00645144
1263 0.113084
1264 0.440345
1265 0.379775
1266 0.72841
1267 0.986095
1268 0.64309
1269 1.19583
1270 0.200957
1271 0.926149
1272 0.911809
1273 1.45674
1274 1.0337
1275 1.52371
1276 0.00859053
1277 2.58339
1278 0.440374
1279 0.688745
1280 0.893306
1281 0.685835
1282 1.26139
1283 1.77031
1284 1.04497
1285 0.632351
1286 0.36711
1287 0.481766
1288 0.947616
1289 0.658505
1290 0.885172
1291 0.984516
1292 0.910645
1293 0.369028
1294 0.584526
1295 0.404225
1296 0.617004
1297 0.419597
1298 1.22536
1299 0.849769
1300 0.593455
1301 0.270855
1302 0.882378
1303 0.834465
1304 1.63975
1305 1.25112
1306 0.729872
1307 1.42876
1308 0.803966
1309 0.696345
1310 0.636014
1311 0.598859
1312 0.910272
1313 0.602399
1314 0.814202
1315 0.735781
1316 0.493762
1317 1.39113
1318 0.950461
1319 0.819949
1320 1.42481
1321 0.881004
1322 1.77061
1323 0.723428
1324 0.692222
1325 0.803485
1326 0.112068
1327 1.22517
1328 0.934691
1329 1.42537
1330 1.31077
1331 1.5036
1332 1.19005
1333 1.07585
1334 1.27538
1335 1.1084
1336 0.45896
1337 1.69843
1338 1.83341
1339 0.953725
1340 0.599088
1341 1.08998
1342 0.348506
1343 1.23045
1344 0.977968
1345 1.78719
1346 0.192064
1347 1.64928
1348 1.04879
1349 1.07023
1350 0.575941
1351 0.528804
1352 2.49408
1353 0.176072
1354 0.171596
1355 0.980262
1356 1.07168
1357 1.19883
1358 1.95485
1359 0.965683
1360 1.78406
1361 1.46863
1362 0.0397774
1363 0.647053
1364 0.271161
1365 0.348096
1366 1.89551
1367 1.7121
1368 0.886311
1369 1.48386
1370 1.1004
1371 1.22461
1372 0.241347
1373 1.48664
1374 0.845601
1375 0.760275
1376 1.80764
1377 1.93966
1378 1.04654
1379 0.768873
1380 0.723028
1381 0.347683
1382 0.676848
1383 0.287847
1384 0.547841
1385 0.433043
1386 0.000956938
1387 0.689439
1388 0.802125
1389 0.4044
1390 1.88077
1391 1.73099
1392 0.514095
1393 0.778426
1394 0.143814
1395 0.0253472
1396 1.00773
1397 0.26036
1398 0.470111
1399 1.8159
1400 0.465497
1401 0.196109
1402 0.659593
1403 0.691072
1404 0.756999
1405 1.13897
1406 0.762422
1407 0.435489
1408 0.882561
1409 1.25907
1410 0.872908
1411 0.180097
1412 0.601626
1413 1.02633
1414 0.0958995
1415 0.983109
1416 1.04238
1417 0.0349072
1418 0.565175
1419 1.05391
1420 1.50945
1421 0.937333
1422 0.432415
1423 1.002
1424 0.685816
1425 1.02513
1426 1.09946
1427 1.51525
1428 0.90707
1429 0.848437
1430 0.0426236
1431 2.66893
1432 0.930685
1433 0.942362
1434 0.670328
1435 1.15404
1436 0.72022
1437 0.770646
1438 0.520376
1439 0.128449
1440 0.852224
1441 0.841861
1442 0.518639
1443 0.330359
1444 0.84247
1445 0.395745
1446 0.753127
1447 1.74581
1448 0.803227
1449 1.09765
1450 1.04696
1451 0.46346
1452 1.13949
1453 1.08439
1454 0.888794
1455 0.189917
1456 1.35309
1457 0.563455
1458 0.608671
1459 1.94296
1460 0.617874
1461 0.259903
1462 1.51733
1463 0.0680362
1464 0.723808
1465 1.30056
1466 0.000956938
1467 1.3302
1468 1.039
1469 2.29959
1470 0.935022
1471 2.04549
1472 2.82072
1473 1.59818
1474 0.254366
1475 1.2199
1476 0.282342
1477 0.466342
1478 0.784209
1479 1.46433
1480 1.23698
1481 0.421372
1482 1.32136
1483 1.19693
1484 0.356867
1485 0.574682
1486 0.365856
1487 1.46505
1488 1.39923
1489 0.407038
1490 0.217905
1491 1.10672
1492 0.460329
1493 0.791406
1494 1.18555
1495 1.24877
1496 1.23928
1497 0.914145
1498 0.196758
1499 1.29504
1500 0.770895
1501 0.574988
1502 1.39094
1503 0.632645
1504 1.53712
1505 3.92983
1506 0.145021
1507 1.07376
1508 0.522471
1509 1.30735
1510 0.0961684
1511 1.16698
1512 0.820309
1513 0.817094
1514 0.745655
1515 1.22491
1516 1.38018
1517 0.313897
1518 0.670978
1519 0.611213
1520 1.23898
1521 0.140237
1522 1.46048
1523 1.06703
1524 0.357652
1525 1.36249
1526 0.566836
1527 0.512202
1528 0.89079
1529 1.35565
1530 0.815762
1531 1.09606
1532 0.387891
1533 1.16143
1534 1.35766
1535 0.685264
1536 2.71546
1537 1.24082
1538 0.828925
1539 0.6383
1540 1.58255
1541 0.913463
1542 0.486176
1543 0.851938
1544 0.734431
1545 1.76867
1546 0.150957
1547 1.05343
1548 1.39892
1549 1.5742
1550 0.594089
1551 1.67853
1552 0.354294
1553 1.09509
1554 1.58591
1555 1.67439
1556 0.258881
1557 1.52899
1558 0.0597805
1559 1.82689
1560 0.000956938
1561 0.735968
1562 0.547676
1563 1.0822
1564 0.853061
1565 1.1138
1566 0.932319
1567 1.29484
1568 0.873893
1569 1.4033
1570 1.29962
1571 0.917665
1572 0.460963
1573 1.70533
1574 1.83416
1575 0.532466
1576 1.13879
1577 2.1402
1578 0.560911
1579 0.127061
1580 0.78681
1581 0.000956938
1582 0.72357
1583 1.84013
1584 2.26309
1585 1.09675
1586 0.58429
1587 0.787534
1588 0.901101
1589 2.01186
1590 1.27879
1591 2.5776
1592 0.385348
1593 1.2598
1594 0.719318
1595 0.532355
1596 1.29752
1597 1.01356
1598 1.50405
1599 0.649303
1600 1.12871
1601 1.02871
1602 0.31092
1603 1.29362
1604 1.62733
1605 0.895255
1606 0.609879
1607 0.603735
1608 1.10822
1609 0.909305
1610 1.8333
1611 1.27895
1612 1.88853
1613 1.76126
1614 0.687995
1615 1.06311
1616 1.30911
1617 1.11719
1618 0.481413
1619 1.11998
1620 1.63474
1621 2.00176
1622 1.71754
1623 0.902883
1624 1.06496
1625 0.619102
1626 1.24346
1627 0.500957
1628 1.56664
1629 0.707099
1630 1.72255
1631 0.229138
1632 0.73879
1633 0.579752
1634 1.26869
1635 0.551089
1636 1.30557
1637 1.10483
1638 0.500875
1639 0.953671
1640 0.434958
1641 0.6965
1642 1.92839
1643 0.827074
1644 0.86507
1645 1.31317
1646 0.462385
1647 0.84428
1648 0.766331
1649 0.694816
1650 1.0453
1651 0.0253179
1652 0.715766
1653 0.660511
1654 0.524838
1655 0.980352
1656 1.53202
1657 0.583497
1658 0.380051
1659 0.732953
1660 1.21749
1661 1.53243
1662 1.30336
1663 2.51563
1664 0.474819
1665 1.18727
1666 2.00238
1667 1.15612
1668 1.12804
1669 1.21764
1670 0.542258
1671 0.974306
1672 1.09437
1673 1.01453
1674 0.98179
1675 1.33274
1676 0.931785
1677 0.797319
1678 0.606074
1679 0.605885
1680 1.15296
1681 0.656762
1682 0.578473
1683 1.33998
1684 54.9992
1685 1.0608
1686 0.935166
1687 2.04963
1688 1.38044
1689 1.11709
1690 0.0131521
1691 0.986026
1692 1.19317
1693 0.477147
1694 1.09017
1695 0.783541
1696 0.638064
1697 0.176128
1698 0.659496
1699 0.954818
1700 0.252253
1701 0.515126
1702 1.58921
1703 2.36447
1704 0.76666
1705 1.13008
1706 0.881796
1707 1.76667
1708 0.420448
1709 1.77883
1710 0.213497
1711 0.554735
1712 0.962078
1713 0.17804
1714 1.73516
1715 1.08428
1716 1.06008
1717 1.29809
1718 2.19694
1719 0.680869
1720 0.857953
1721 1.05739
1722 0.995082
1723 0.384161
1724 0.688672
1725 2.06879
1726 0.902277
1727 0.757231
1728 0.552189
1729 1.65061
1730 3.00479
1731 0.492947
1732 0.888662
1733 1.31657
1734 0.585347
1735 1.0097
1736 1.50415
1737 0.684607
1738 0.538519
1739 0.859185
1740 0.734087
1741 1.06974
1742 1.49236
1743 0.912892
1744 0.841985
1745 0.446906
1746 1.94869
1747 0.737833
1748 0.433787
1749 0.776194
1750 1.15745
1751 0.935329
1752 1.05513
1753 0.755079
1754 0.626978
1755 0.0144705
1756 0.515017
1757 1.22932
1758 1.41933
1759 0.287392
1760 0.347111
1761 1.77296
1762 0.185588
1763 0.704984
1764 0.374798
1765 0.894961
1766 0.993513
1767 0.795522
1768 2.56491
1769 0.347197
1770 1.54764
1771 0.256497
1772 0.605776
1773 0.565933
1774 0.683013
1775 0.0826291
1776 0.583497
1777 0.111494
1778 1.06172
1779 0.966034
1780 0.528247
1781 0.844107
1782 0.775225
1783 3.19668
1784 0.509474
1785 1.27204
1786 1.82264
1787 1.23911
1788 0.802977
1789 1.01936
1790 0.718931
1791 1.64971
1792 0.319071
1793 1.28366
1794 1.79031
1795 0.781991
1796 0.600891
1797 0.534939
1798 1.16725
1799 1.45033
1800 2.67276
1801 0.56961
1802 0.342265
1803 1.01612
1804 1.95392
1805 0.422797
1806 1.51914
1807 1.38971
1808 1.03485
1809 1.19921
1810 0.973232
1811 0.612569
1812 0.639085
1813 1.71733
1814 0.633856
1815 0.631607
1816 1.12085
1817 0.439925
1818 0.765492
1819 0.898421
1820 1.35155
1821 0.208661
1822 0.712692
1823 1.16538
1824 1.03947
1825 1.25245
1826 0.879402
1827 2.45184
1828 1.08325
1829 0.624221
1830 0.37244
1831 2.09942
1832 0.492188
1833 1.86688
1834 0.000956938
1835 2.35204
1836 0.38169
1837 1.34591
1838 0.645401
1839 1.65843
1840 0.873238
1841 0.809073
1842 1.10422
1843 0.420099
1844 1.81622
1845 1.49986
1846 0.727023
1847 0.9353
1848 0.563317
1849 0.968644
1850 0.817376
1851 0.688936
1852 0.686879
1853 0.241856
1854 0.200957
1855 0.151597
1856 0.0809526
1857 1.27456
1858 1.19091
1859 0.686555
1860 1.33692
1861 1.42646
1862 0.997207
1863 0.984939
1864 1.08964
1865 0.250768
1866 1.27442
1867 1.26363
1868 1.27596
1869 0.384308
1870 0.462325
1871 1.5584
1872 0.9144
1873 0.565072
1874 0.138906
1875 0.47147
1876 1.72061
1877 0.600509
1878 0.808628
1879 1.29104
1880 1.06636
1881 1.15338
1882 1.20837
1883 0.440265
1884 0.477053
1885 0.587358
1886 1.07059
1887 0.153189
1888 2.919
1889 1.40569
1890 1.21762
1891 0.721326
1892 0.324318
1893 1.52563
1894 1.41398
1895 1.27642
1896 0.745472
1897 0.878854
1898 1.00352
1899 1.61106
1900 0.419809
1901 0.505034
1902 1.15697
1903 0.6428
1904 0.925869
1905 0.615218
1906 0.539319
1907 0.414577
1908 0.46083
1909 2.1777
1910 1.53262
1911 1.46484
1912 36.1075
1913 0.456109
1914 0.984759
1915 0.537351
1916 0.897529
1917 1.28132
1918 1.02222
1919 1.20759
1920 1.20585
1921 0.878387
1922 0.640815
1923 1.45891
1924 0.201866
1925 0.777138
1926 1.78574
1927 1.18313
1928 0.495748
1929 0.939596
1930 0.320363
1931 0.813933
1932 0.838626
1933 0.410687
1934 0.542388
1935 1.07422
1936 1.11038
1937 0.310506
1938 1.24373
1939 0.943842
1940 0.896576
1941 2.02974
1942 0.613581
1943 1.34133
1944 0.849011
1945 1.48839
1946 1.26741
1947 1.35438
1948 1.07009
1949 0.298749
1950 0.309944
1951 1.39876
1952 0.262606
1953 0.74286
1954 1.09426
1955 0.898157
1956 1.04736
1957 0.856153
1958 0.70812
1959 1.38403
1960 1.67334
1961 0.453103
1962 1.25083
1963 0.532065
1964 3.4784
1965 0.584389
1966 1.32954
1967 0.0123135
1968 0.686096
1969 0.0334087
1970 1.3004
1971 1.18428
1972 1.5979
1973 1.36332
1974 0.475722
1975 1.56637
1976 0.944264
1977 0.445967
1978 0.595783
1979 1.19428
1980 1.41543
1981 0.674772
1982 0.52977
1983 1.58381
1984 1.22305
1985 1.78064
1986 1.05509
1987 0.430792
1988 1.28529
1989 0.520991
1990 0.803836
1991 1.06067
1992 0.844037
1993 1.45764
1994 0.568201
1995 1.50128
1996 0.435848
1997 0.823425
1998 1.22348
1999 0.692881
2000 0.700451
2001 1.30115
2002 0.904663
2003 0.687396
2004 1.09645
2005 0.976107
2006 1.17352
2007 1.91657
2008 0.250908
2009 1.00528
2010 0.717636
2011 0.818637
2012 0.274313
2013 0.198188
2014 0.249562
2015 0.42084
2016 0.328208
2017 0.923593
2018 1.33557
2019 0.419123
2020 0.969246
2021 0.181682
2022 1.07483
2023 0.845061
2024 1.10065
2025 0.618326
2026 0.893709
2027 0.907443
2028 1.1317
2029 0.856526
2030 1.23749
2031 1.51012
2032 1.59964
2033 1.11983
2034 0.924697
2035 0.992148
2036 0.686533
2037 1.71452
2038 1.73436
2039 1.06143
2040 1.0824
2041 0.784518
2042 0.980842
2043 1.13189
2044 0.369345
2045 1.1305
2046 0.715344
2047 4.41704
2048 0.299221
2049 1.54994
2050 0.47418
2051 0.497791
2052 0.961989
2053 1.20056
2054 1.90707
2055 0.440424
2056 1.21459
2057 0.563379
2058 0.686102
2059 1.23671
2060 0.806685
2061 1.13628
2062 0.964333
2063 0.905586
2064 1.25617
2065 0.285262
2066 0.345947
2067 0.601262
2068 1.56801
2069 1.24239
2070 0.374822
2071 1.23602
2072 1.46423
2073 1.33016
2074 1.00467
2075 0.637757
2076 0.948738
2077 0.759885
2078 1.39963
2079 0.0013245
2080 0.323502
2081 2.11221
2082 0.600453
2083 0.944085
2084 1.21323
2085 0.936831
2086 0.816104
2087 2.06409
2088 1.366
2089 0.74009
2090 1.20271
2091 1.29153
2092 0.791613
2093 1.19624
2094 0.757313
2095 0.972898
2096 0.375354
2097 0.779412
2098 0.708472
2099 0.555541
2100 0.3188
2101 0.988554
2102 1.50837
2103 1.32235
2104 1.1579
2105 0.436606
2106 0.659658
2107 1.61708
2108 0.998969
2109 0.818464
2110 0.59858
2111 2.31019
2112 1.05653
2113 0.780401
2114 0.652033
2115 0.848544
2116 1.488
2117 2.0525
2118 1.22977
2119 0.48237
2120 1.06228
2121 1.00186
2122 0.906694
2123 1.40649
2124 1.07806
2125 1.28207
2126 2.51472
2127 1.22212
2128 1.22089
2129 1.67543
2130 0.324715
2131 1.37643
2132 1.20994
2133 2.82561
2134 0.862168
2135 0.865745
2136 0.460325
2137 0.411974
2138 1.44516
2139 1.14598
2140 1.09035
2141 0.547977
2142 1.87398
2143 1.16502
2144 0.766598
2145 1.17151
2146 1.0585
2147 0.670907
2148 0.978222
2149 1.36857
2150 1.34006
2151 0.796818
2152 1.20582
2153 1.38707
2154 1.0501
2155 0.737374
2156 1.76082
2157 0.839211
2158 0.298745
2159 1.04123
2160 1.17206
2161 1.01536
2162 0.444808
2163 0.328385
2164 0.611764
2165 0.858086
2166 0.237269
2167 0.457313
2168 0.376325
2169 1.0944
2170 0.993626
2171 1.49051
2172 1.35981
2173 1.38309
2174 1.32102
2175 0.104607
2176 1.86396
2177 0.17855
2178 0.244182
2179 0.60741
2180 1.0865
2181 0.819605
2182 0.254738
2183 1.35329
2184 1.27341
2185 0.195771
2186 0.403297
2187 1.56424
2188 1.31617
2189 1.24646
2190 1.06459
2191 0.832028
2192 0.845665
2193 0.647279
2194 1.07269
2195 0.0013245
2196 1.02228
2197 0.726482
2198 0.551642
2199 2.16922
2200 1.16201
2201 1.23515
2202 1.04553
2203 1.22736
2204 0.451325
2205 0.247351
2206 1.46693
2207 1.19164
2208 0.233257
2209 0.792919
2210 0.605483
2211 1.46926
2212 0.848423
2213 0.631831
2214 1.27662
2215 0.6956
2216 0.846556
2217 1.10625
2218 1.45255
2219 0.0957868
2220 1.29953
2221 0.769103
2222 0.986056
2223 1.2974
2224 1.36286
2225 0.940829
2226 1.12662
2227 0.311761
2228 1.19536
2229 1.60407
2230 0.248467
2231 1.32054
2232 1.29013
2233 1.72265
2234 0.508931
2235 1.08265
2236 1.63813
2237 0.783596
2238 0.700285
2239 0.444399
2240 1.39223
2241 1.15869
2242 0.988199
2243 0.753367
2244 1.35704
2245 0.682313
2246 0.990868
2247 1.46777
2248 0.709391
2249 0.189401
2250 1.33479
2251 0.373474
2252 0.15334
2253 1.00498
2254 0.89997
2255 0.563774
2256 0.315911
2257 1.01572
2258 0.323977
2259 0.911863
2260 0.817416
2261 0.779872
2262 0.364072
2263 0.710925
2264 0.784048
2265 0.523047
2266 2.10952
2267 0.854526
2268 1.69246
2269 0.0013245
2270 0.389142
2271 1.18412
2272 0.628086
2273 0.872947
2274 0.498199
2275 1.20514
2276 0.997426
2277 0.744554
2278 1.19708
2279 1.29446
2280 0.724466
2281 1.05692
2282 1.86103
2283 2.18348
2284 1.28398
2285 0.552945
2286 1.02242
2287 0.45251
2288 0.391472
2289 2.52639
2290 1.17013
2291 0.649446
2292 1.56635
2293 0.476963
2294 1.45995
2295 0.247452
2296 0.891859
2297 0.88192
2298 0.339248
2299 0.963644
2300 1.20855
2301 0.934165
2302 1.58164
2303 0.394906
2304 0.957829
2305 0.214503
2306 0.665613
2307 0.867823
2308 0.960853
2309 1.50569
2310 0.365345
2311 0.37445
2312 0.392326
2313 5.76848
2314 0.726293
2315 0.67367
2316 0.714638
2317 1.59087
2318 1.02412
2319 1.32527
2320 0.893042
2321 0.807643
2322 1.16758
2323 1.19524
2324 1.43031
2325 1.65736
2326 1.19278
2327 1.40221
2328 2.13871
2329 0.784772
2330 0.45367
2331 1.28838
2332 1.08693
2333 2.06306
2334 1.02318
2335 1.51688
2336 1.66372
2337 0.73743
2338 1.06033
2339 1.29138
2340 1.35212
2341 1.32222
2342 1.33012
2343 0.705119
2344 1.43654
2345 1.16998
2346 0.74982
2347 2.39005
2348 0.942647
2349 1.01019
2350 0.473979
2351 1.04484
2352 1.0699
2353 0.537262
2354 1.13242
2355 0.595887
2356 1.06935
2357 0.880982
2358 0.31305
2359 0.890476
2360 0.565512
2361 1.82941
2362 0.514416
2363 1.05732
2364 1.52671
2365 1.21431
2366 0.768728
2367 0.809658
2368 0.967204
2369 1.34246
2370 0.973343
2371 1.38659
2372 1.13713
2373 0.530767
2374 1.03871
2375 0.360467
2376 1.24121
2377 0.997718
2378 1.08571
2379 0.627506
2380 0.0433922
2381 1.11252
2382 0.126325
2383 0.2464
2384 2.50462
2385 0.965591
2386 0.852922
2387 0.834537
2388 0.23447
2389 0.636279
2390 0.650782
2391 0.942763
2392 0.553515
2393 0.523108
2394 1.07207
2395 1.18707
2396 0.868966
2397 1.5412
2398 1.14721
2399 0.956174
2400 0.420171
2401 1.07659
2402 0.531282
2403 0.637304
2404 1.24917
2405 0.843031
2406 1.19634
2407 0.562214
2408 0.939148
2409 1.18819
2410 1.56289
2411 1.49803
2412 1.77128
2413 0.402663
2414 1.18631
2415 0.562219
2416 0.928291
2417 0.833813
2418 0.7064
2419 1.53212
2420 0.710426
2421 1.50252
2422 0.385467
2423 1.04682
2424 0.393909
2425 0.989452
2426 0.807992
2427 0.301595
2428 1.39037
2429 0.747638
2430 0.9536
2431 0.344258
2432 0.437148
2433 0.899151
2434 1.22771
2435 0.560896
2436 0.903227
2437 0.751325
2438 1.05706
2439 0.919991
2440 1.0664
2441 0.258544
2442 0.0178575
2443 0.79452
2444 0.859708
2445 0.651641
2446 1.02479
2447 1.05902
2448 1.45987
2449 0.660287
2450 0.97564
2451 1.19575
2452 0.298833
2453 0.822202
2454 0.303369
2455 0.813591
2456 1.24004
2457 0.0013245
2458 1.00703
2459 1.07525
2460 1.08811
2461 1.25793
2462 0.695888
2463 1.20418
2464 1.35792
2465 0.575742
2466 0.541209
2467 0.795275
2468 1.33691
2469 0.797413
2470 0.0013245
2471 1.24139
2472 0.933275
2473 0.728996
2474 1.11592
2475 0.892105
2476 0.537502
2477 0.695697
2478 1.18168
2479 0.57221
2480 0.73179
2481 0.217234
2482 1.05456
2483 0.584658
2484 0.816179
2485 0.867573
2486 1.00237
2487 1.05692
2488 1.53323
2489 0.67337
2490 0.707897
2491 1.24935
2492 1.13513
2493 0.114484
2494 0.9062
2495 0.928752
2496 0.180753
2497 1.08803
2498 1.10904
2499 1.18472
2500 1.18674
2501 1.09003
2502 0.693097
2503 0.612329
2504 0.981111
2505 0.368884
2506 0.873722
2507 1.41893
2508 0.910556
2509 1.64344
2510 1.50197
2511 1.46119
2512 1.12777
2513 0.76875
2514 0.39048
2515 0.711952
2516 0.984622
2517 0.259121
2518 0.599886
2519 0.381285
2520 1.0761
2521 0.899165
2522 0.166686
2523 0.616291
2524 0.0832091
2525 0.718478
2526 1.64563
2527 0.711469
2528 0.668068
2529 0.640439
2530 0.383929
2531 0.538249
2532 0.630875
2533 0.947726
2534 0.768914
2535 1.35159
2536 0.447491
2537 1.0975
2538 1.18444
2539 0.866586
2540 1.21112
2541 0.126325
2542 1.46067
2543 2.72477
2544 0.333288
2545 0.303062
2546 0.959361
2547 0.480299
2548 0.585467
2549 0.993556
2550 1.08152
2551 1.00737
2552 0.687557
2553 1.15193
2554 0.540278
2555 1.41544
2556 0.828929
2557 0.693935
2558 2.55249
2559 1.02726
2560 1.52932
2561 1.01633
2562 0.547574
2563 0.684919
2564 1.31115
2565 0.435848
2566 0.768761
2567 1.19787
2568 0.194185
2569 0.0013245
2570 1.03172
2571 0.386682
2572 0.233312
2573 0.939974
2574 0.668959
2575 0.948284
2576 0.495524
2577 0.764468
2578 1.01208
2579 0.679701
2580 0.130719
2581 1.02766
2582 1.03728
2583 0.93056
2584 0.337162
2585 0.80822
2586 1.17703
2587 0.940663
2588 0.959121
2589 0.74715
2590 1.35721
2591 0.578275
2592 1.34439
2593 1.1808
2594 1.13801
2595 0.584658
2596 0.0013245
2597 1.10623
2598 1.7339
2599 0.126345
2600 1.22075
2601 1.24561
2602 1.41865
2603 1.05327
2604 1.34197
2605 0.241409
2606 0.425796
2607 1.30201
2608 1.14747
2609 0.417369
2610 1.40223
2611 1.75141
2612 0.580359
2613 0.187271
2614 0.958366
2615 1.21987
2616 1.1906
2617 1.18761
2618 0.950096
2619 1.04682
2620 1.17162
2621 0.444258
2622 1.10094
2623 0.803749
2624 1.28674
2625 1.20097
2626 0.884862
2627 0.825396
2628 0.817275
2629 1.37604
2630 1.12311
2631 0.813158
2632 0.347526
2633 0.851809
2634 0.408583
2635 0.259232
2636 0.740738
2637 0.781816
2638 1.03088
2639 0.74896
2640 1.17684
2641 0.54534
2642 2.09822
2643 0.987525
2644 1.08143
2645 1.19868
2646 0.92332
2647 1.0105
2648 1.10425
2649 1.25335
2650 1.05756
2651 0.474793
2652 0.605629
2653 0.676369
2654 0.919004
2655 1.05364
2656 0.729652
2657 1.12453
2658 0.746921
2659 1.69046
2660 0.710487
2661 1.72098
2662 0.873809
2663 1.13515
2664 1.2929
2665 1.31128
2666 0.9182
2667 0.811621
2668 1.86146
2669 1.48075
2670 1.26888
2671 0.572076
2672 0.722666
2673 0.632607
2674 1.09936
2675 0.933159
2676 1.33542
2677 1.07369
2678 0.433954
2679 1.48143
2680 0.847618
2681 0.690071
2682 0.744901
2683 1.57146
2684 0.581545
2685 0.413534
2686 0.776366
2687 0.434233
2688 0.594053
2689 1.02325
2690 1.24905
2691 0.667929
2692 0.106983
2693 1.10352
2694 1.55304
2695 0.211277
2696 0.709267
2697 0.716655
2698 0.952197
2699 0.726683
2700 0.854695
2701 0.517341
2702 0.834978
2703 1.09929
2704 0.0467172
2705 0.421097
2706 1.33104
2707 0.453064
2708 0.685023
2709 0.533852
2710 0.54272
2711 1.24508
2712 0.719711
2713 0.831851
2714 0.0890763
2715 1.06418
2716 2.23088
2717 0.713437
2718 1.10256
2719 1.92415
2720 0.894593
2721 0.572076
2722 0.0317113
2723 0.337692
2724 2.832
2725 0.409761
2726 0.788726
2727 0.522983
2728 1.2451
2729 1.34165
2730 2.86326
2731 0.632263
2732 0.898088
2733 0.443948
2734 1.86014
2735 0.743165
2736 0.157207
2737 0.491568
2738 2.05404
2739 1.04775
2740 0.0467172
2741 1.06416
2742 2.18069
2743 0.928125
2744 0.423945
2745 0.957347
2746 0.183122
2747 0.403597
2748 1.66373
2749 0.818578
2750 1.25063
2751 0.91762
2752 0.230007
2753 0.807908
2754 2.34151
2755 1.31908
2756 0.783917
2757 1.30884
2758 1.38959
2759 0.773915
2760 0.659814
2761 0.677341
2762 0.617892
2763 1.31358
2764 1.1881
2765 0.822678
2766 0.634707
2767 0.277849
2768 0.74192
2769 0.457271
2770 0.549406
2771 0.977656
2772 1.30897
2773 0.911407
2774 0.901263
2775 0.798334
2776 0.609271
2777 1.37926
2778 1.81403
2779 0.528883
2780 1.64669
2781 1.4538
2782 1.55063
2783 0.78631
2784 1.01564
2785 1.21663
2786 1.73225
2787 1.16618
2788 0.201263
2789 1.03459
2790 0.318028
2791 0.776345
2792 0.667929
2793 1.63844
2794 0.439431
2795 0.968102
2796 1.00505
2797 0.607866
2798 0.0410886
2799 0.699748
2800 1.31533
2801 0.271481
2802 0.154356
2803 0.896402
2804 0.21287
2805 0.90909
2806 1.21958
2807 0.965414
2808 0.289724
2809 1.00262
2810 1.10709
2811 0.159213
2812 0.994018
2813 1.38123
2814 0.084596
2815 0.858062
2816 0.226533
2817 0.667929
2818 0.838667
2819 0.722739
2820 0.720125
2821 0.651443
2822 0.685084
2823 0.730809
2824 0.572076
2825 0.673565
2826 0.498668
2827 1.19103
2828 1.19916
2829 0.875059
2830 0.492282
2831 0.640767
2832 0.974731
2833 1.24377
2834 0.432942
2835 0.6212
2836 1.66942
2837 0.727226
2838 0.38005
2839 2.69851
2840 0.890145
2841 1.47728
2842 0.00126263
2843 0.931454
2844 0.81462
2845 0.539217
2846 0.850729
2847 0.458432
2848 0.849258
2849 1.2347
2850 0.450974
2851 0.92024
2852 0.127254
2853 0.926342
2854 0.878334
2855 0.0472246
2856 0.754952
2857 0.0921717
2858 0.707992
2859 0.509934
2860 0.0363817
2861 1.25094
2862 1.04755
2863 3.66069
2864 1.18258
2865 1.65099
2866 1.29031
2867 1.32971
2868 0.804421
2869 1.55714
2870 0.818087
2871 1.01736
2872 1.12142
2873 1.20503
2874 0.857278
2875 0.961528
2876 0.380965
2877 1.8035
2878 0.316371
2879 0.904315
2880 1.00999
2881 1.32245
2882 0.362674
2883 0.418762
2884 0.432965
2885 0.33005
2886 0.948882
2887 0.725879
2888 0.508385
2889 1.19499
2890 1.57908
2891 0.375871
2892 0.760421
2893 0.63983
2894 1.28897
2895 0.376264
2896 0.920819
2897 0.76269
2898 0.335591
2899 0.276419
2900 0.253378
2901 1.68908
2902 0.737374
2903 0.403051
2904 2.06769
2905 1.08265
2906 1.3349
2907 0.585562
2908 0.335912
2909 1.44515
2910 1.18132
2911 1.05888
2912 0.857507
2913 1.13104
2914 0.985839
2915 1.68465
2916 1.42073
2917 0.268572
2918 0.58078
2919 1.06832
2920 1.30076
2921 1.08184
2922 0.209596
2923 0.638454
2924 0.717738
2925 1.33214
2926 0.877764
2927 1.56351
2928 1.48893
2929 0.789172
2930 0.898088
2931 0.958411
2932 1.15661
2933 0.802272
2934 0.914759
2935 0.604163
2936 1.49649
2937 1.18376
2938 0.615921
2939 1.15708
2940 0.976789
2941 0.401355
2942 0.261891
2943 1.53232
2944 1.89623
2945 0.906561
2946 1.59305
2947 0.385645
2948 0.618785
2949 1.71496
2950 1.07931
2951 3.01476
2952 0.143212
2953 0.491544
2954 0.524009
2955 1.35447
2956 1.5312
2957 0.676644
2958 1.14877
2959 1.06067
2960 1.47418
2961 0.480469
2962 1.35795
2963 0.0907363
2964 0.724999
2965 0.473286
2966 1.81741
2967 0.566202
2968 0.576731
2969 1.05285
2970 0.618486
2971 0.146633
2972 1.02936
2973 1.17678
2974 0.82897
2975 0.167929
2976 0.836786
2977 0.556138
2978 1.26265
2979 0.968328
2980 0.205719
2981 0.477078
2982 0.827339
2983 1.21558
2984 0.64295
2985 0.795319
2986 1.56418
2987 0.46275
2988 1.04934
2989 1.09056
2990 0.347976
2991 0.861372
2992 1.34655
2993 0.940339
2994 1.06081
2995 0.414275
2996 1.02207
2997 0.869163
2998 0.084596
2999 1.67682
3000 1.47153
3001 1.45575
3002 2.04664
3003 0.38005
3004 0.782675
3005 1.2658
3006 0.010878
3007 0.541376
3008 0.890329
3009 0.469593
3010 1.38952
3011 1.46651
3012 0.676709
3013 0.79714
3014 0.662575
3015 0.319241
3016 0.757288
3017 1.7049
3018 0.733064
3019 2.59858
3020 1.71594
3021 0.71571
3022 1.16228
3023 0.76422
3024 0.424429
3025 1.1815
3026 1.68205
3027 1.93902
3028 1.06815
3029 0.801887
3030 0.273417
3031 0.00126263
3032 0.649604
3033 1.3915
3034 1.18723
3035 1.68033
3036 0.981913
3037 0.667929
3038 1.82226
3039 0.423041
3040 0.690834
3041 0.734062
3042 0.738231
3043 0.543129
3044 0.215011
3045 0.852718
3046 0.996744
3047 0.649719
3048 0.57796
3049 1.21412
3050 0.540482
3051 1.96396
3052 1.16966
3053 0.958514
3054 1.45773
3055 0.901263
3056 1.29297
3057 1.01986
3058 0.369905
3059 0.27445
3060 1.57739
3061 0.840527
3062 1.07286
3063 0.662821
3064 0.912905
3065 0.78698
3066 1.09611
3067 0.501828
3068 0.490111
3069 0.547344
3070 0.917115
3071 0.00126263
3072 1.87429
3073 1.0775
3074 0.901263
3075 0.801623
3076 1.85477
3077 2.91846
3078 1.39784
3079 0.823163
3080 1.21639
3081 1.21912
3082 2.03392
3083 0.691875
3084 1.84219
3085 0.826202
3086 1.14823
3087 1.70685
3088 0.300059
3089 1.17011
3090 2.38572
3091 0.572076
3092 0.210558
3093 0.435686
3094 0.0963056
3095 0.772369
3096 1.15244
3097 1.09492
3098 0.981429
3099 0.448297
3100 0.792823
3101 2.22684
3102 0.656147
3103 0.653834
3104 1.6773
3105 1.36072
3106 1.03968
3107 1.77477
3108 0.888912
3109 0.417415
3110 0.487904
3111 1.12454
3112 0.193152
3113 1.18522
3114 1.12633
3115 0.992131
3116 1.97584
3117 1.16426
3118 0.961391
3119 1.41109
3120 1.02566
3121 0.498058
3122 0.804545
3123 0.679988
3124 0.989978
3125 0.0194444
3126 0.690548
3127 0.901263
3128 0.807705
3129 0.761856
3130 0.574428
3131 0.898088
3132 1.2719
3133 0.308234
3134 0.0306744
3135 0.661343
3136 2.33463
3137 1.33782
3138 0.808018
3139 1.08669
3140 1.93043
3141 1.20927
3142 0.807559
3143 0.189141
3144 0.681407
3145 1.35859
3146 1.02532
3147 0.667929
3148 0.755506
3149 1.00034
3150 1.69742
3151 0.393696
3152 1.72982
3153 0.683455
3154 2.57633
3155 0.711773
3156 0.416521
3157 0.751351
3158 0.991079
3159 0.284133
3160 0.596687
3161 0.23645
3162 2.18707
3163 0.345475
3164 0.465253
3165 0.280769
3166 0.732912
3167 0.549771
3168 1.81787
3169 0.873058
3170 0.430852
3171 0.673201
3172 1.44244
3173 0.757318
3174 1.04043
3175 0.171731
3176 0.984372
3177 1.20836
3178 1.07348
3179 1.32379
3180 0.898088
3181 0.898088
3182 1.30286
3183 0.00126263
3184 1.20169
3185 1.65197
3186 0.657596
3187 1.63325
3188 1.34715
3189 0.499718
3190 0.451293
3191 0.98951
3192 0.336062
3193 0.715636
3194 0.530531
3195 1.21635
3196 1.24848
3197 0.234915
3198 1.77104
3199 0.444958
3200 1.4676
3201 1.45634
3202 0.149857
3203 0.78749
3204 0.933641
3205 0.6508
3206 0.761867
3207 1.31699
3208 0.592255
3209 0.594897
3210 0.345068
3211 0.916428
3212 0.827851
3213 0.770869
3214 2.23694
3215 0.674673
3216 0.665657
3217 0.207373
3218 0.804545
3219 1.05053
3220 0.89438
3221 1.1033
3222 0.750852
3223 0.726329
3224 1.06256
3225 0.798009
3226 1.28154
3227 0.381444
3228 0.529167
3229 0.65237
3230 0.00126263
3231 1.33052
3232 1.80367
3233 2.49793
3234 0.800877
3235 0.135129
3236 0.605482
3237 0.73523
3238 0.617752
3239 0.931328
3240 1.22509
3241 0.680353
3242 0.614886
3243 0.379559
3244 0.572548
3245 0.595738
3246 0.533149
3247 0.983939
3248 1.64245
3249 0.412955
3250 0.415765
3251 0.99531
3252 1.31152
3253 1.25348
3254 0.415349
3255 1.10191
3256 2.90481
3257 0.797254
3258 1.09035
3259 0.923096
3260 0.65128
3261 1.0775
3262 0.511702
3263 2.58598
3264 1.0646
3265 1.06395
3266 0.457252
3267 1.62794
3268 0.501263
3269 0.581573
3270 0.273535
3271 0.849748
3272 1.41072
3273 0.824566
3274 2.01774
3275 1.16594
3276 0.639925
3277 1.13499
3278 0.797456
3279 1.1154
3280 2.68932
3281 0.280908
3282 0.0173917
3283 0.948808
3284 0.970092
3285 0.886865
3286 0.539033
3287 1.11516
3288 0.954479
3289 0.487593
3290 0.421717
3291 2.35932
3292 0.408753
3293 1.00599
3294 0.65375
3295 1.64105
3296 0.78058
3297 0.949884
3298 1.13832
3299 1.40757
3300 1.09961
3301 0.777861
3302 2.38412
3303 1.39006
3304 0.784602
3305 0.154914
3306 0.49497
3307 0.694991
3308 0.54257
3309 1.00818
3310 0.240152
3311 0.577339
3312 0.604876
3313 0.807625
3314 0.980072
3315 0.354098
3316 0.685434
3317 0.260259
3318 1.306
3319 0.590817
3320 2.4183
3321 1.41927
3322 0.690548
3323 0.143306
3324 2.1038
3325 1.16104
3326 0.482186
3327 2.31919
3328 0.746273
3329 0.830657
3330 1.68359
3331 1.48935
3332 1.05431
3333 0.296595
3334 0.242664
3335 1.19541
3336 0.572691
3337 0.579865
3338 0.664521
3339 1.05494
3340 0.531719
3341 0.997622
3342 1.67581
3343 0.670228
3344 1.23698
3345 1.49297
3346 1.14987
3347 1.23661
3348 1.23562
3349 0.443711
3350 1.60553
3351 1.3625
3352 0.318026
3353 1.40889
3354 0.804545
3355 0.802184
3356 0.529971
3357 0.396059
3358 0.331221
3359 0.422051
3360 1.845
3361 0.616764
3362 1.37477
3363 2.39724
3364 0.728209
3365 1.83947
3366 2.14867
3367 0.233772
3368 0.509285
3369 1.6232
3370 0.108539
3371 0.493439
3372 0.737374
3373 0.55087
3374 0.926934
3375 0.0838023
3376 0.631025
3377 0.810618
3378 1.2118
3379 0.487843
3380 0.477922
3381 0.77322
3382 0.984914
3383 0.723254
3384 0.76436
3385 1.68117
3386 0.900154
3387 1.56979
3388 0.349849
3389 0.320669
3390 0.590543
3391 0.733775
3392 0.92154
3393 0.552438
3394 1.17639
3395 0.967317
3396 1.69362
3397 2.49495
3398 0.466776
3399 0.512577
3400 0.76709
3401 0.631025
3402 0.885906
3403 1.14243
3404 0.55634
3405 0.82775
3406 1.44113
3407 0.501263
3408 0.0306744
3409 0.502429
3410 0.528678
3411 1.38068
3412 1.50964
3413 0.155109
3414 0.384108
3415 0.76153
3416 0.872583
3417 1.45318
3418 0.278833
3419 1.05308
3420 0.819896
3421 0.477553
3422 0.837394
3423 0.924517
3424 0.314465
3425 0.700588
3426 2.16447
3427 0.664521
3428 0.385162
3429 0.14849
3430 0.529077
3431 0.858502
3432 0.353032
3433 1.04702
3434 1.84778
3435 0.811349
3436 0.170825
3437 65.8063
3438 0.79448
3439 1.14036
3440 1.0272
3441 0.347394
3442 3.06773
3443 1.31466
3444 0.607185
3445 0.333048
3446 0.891045
3447 0.483513
3448 1.31644
3449 1.43974
3450 0.447741
3451 0.00182815
3452 0.498528
3453 0.00182815
3454 0.908105
3455 2.06837
3456 1.55386
3457 0.206725
3458 0.696724
3459 0.790996
3460 1.27637
3461 0.259346
3462 0.567734
3463 0.777874
3464 1.61868
3465 0.879173
3466 1.33397
3467 0.0777541
3468 1.32414
3469 1.26811
3470 0.860997
3471 0.792399
3472 0.713933
3473 1.1235
3474 0.740417
3475 0.979529
3476 0.846425
3477 0.576395
3478 1.05006
3479 0.95454
3480 0.628576
3481 0.878349
3482 0.746094
3483 0.81085
3484 0.477165
3485 0.640225
3486 1.14833
3487 1.01041
3488 1.38135
3489 0.548389
3490 1.40537
3491 0.699436
3492 0.279142
3493 0.654822
3494 0.166605
3495 2.41833
3496 1.05581
3497 0.776606
3498 0.633325
3499 1.08177
3500 1.22555
3501 1.44619
3502 0.787873
3503 0.791101
3504 0.807939
3505 1.50032
3506 2.26924
3507 0.442292
3508 1.38992
3509 0.717671
3510 0.862762
3511 1.52134
3512 0.434599
3513 0.642701
3514 1.17929
3515 0.531023
3516 0.866445
3517 0.484872
3518 0.905919
3519 0.909165
3520 0.330908
3521 3.35546
3522 0.431588
3523 0.878349
3524 0.727181
3525 1.38458
3526 1.58174
3527 0.536853
3528 1.10826
3529 1.61052
3530 0.958394
3531 0.664494
3532 0.779122
3533 0.964564
3534 0.975085
3535 0.983547
3536 1.56297
3537 0.426828
3538 1.51877
3539 1.01857
3540 1.08278
3541 0.678319
3542 1.08917
3543 0.485408
3544 0.739255
3545 2.75074
3546 1.85749
3547 0.669955
3548 0.698722
3549 1.38516
3550 0.766901
3551 0.900095
3552 0.19196
3553 1.81016
3554 0.933698
3555 1.08505
3556 0.890282
3557 0.840563
3558 1.48973
3559 1.0844
3560 0.344421
3561 0.974469
3562 0.95454
3563 0.520733
3564 0.938447
3565 0.384888
3566 0.694039
3567 0.825638
3568 1.76223
3569 0.840545
3570 0.00182815
3571 1.20904
3572 0.233094
3573 0.723771
3574 0.405679
3575 0.0945333
3576 1.34988
3577 1.54981
3578 0.553231
3579 0.879173
3580 0.826605
3581 0.761947
3582 0.0999143
3583 0.701874
3584 2.44794
3585 0.588347
3586 1.87006
3587 1.02506
3588 0.205776
3589 0.0787512
3590 1.1225
3591 0.60297
3592 1.27678
3593 1.8813
3594 0.699778
3595 0.837543
3596 3.168
3597 0.0412918
3598 0.613518
3599 1.53038
3600 0.342458
3601 0.852335
3602 0.751463
3603 0.211766
3604 2.65251
3605 1.20053
3606 0.484894
3607 0.365706
3608 0.816629
3609 0.681444
3610 1.68801
3611 1.7961
3612 1.34012
3613 0.95454
3614 0.430561
3615 0.806882
3616 1.56706
3617 1.79391
3618 0.436907
3619 0.327318
3620 0.546131
3621 0.707271
3622 0.547246
3623 0.69739
3624 1.2728
3625 1.40864
3626 0.790198
3627 0.561207
3628 1.55032
3629 1.87437
3630 0.479147
3631 0.347539
3632 0.423372
3633 2.38936
3634 0.932328
3635 0.9582
3636 1.07763
3637 0.534888
3638 1.30948
3639 0.687873
3640 1.39588
3641 0.511725
3642 0.784736
3643 0.934034
3644 0.70562
3645 0.892943
3646 0.600634
3647 0.658726
3648 1.21387
3649 0.95454
3650 0.00182815
3651 0.924458
3652 0.743993
3653 0.259086
3654 0.371147
3655 0.854715
3656 0.618101
3657 0.793738
3658 0.462739
3659 0.756715
3660 0.357491
3661 0.562275
3662 1.80134
3663 0.612815
3664 0.732663
3665 0.627177
3666 0.260946
3667 0.811007
3668 0.365891
3669 0.707516
3670 0.816127
3671 0.658361
3672 2.39545
3673 0.250888
3674 1.38631
3675 0.84751
3676 0.548389
3677 2.08736
3678 0.230493
3679 1.5398
3680 2.32711
3681 0.279879
3682 0.802751
3683 0.517136
3684 2.45386
3685 0.713221
3686 0.0959476
3687 0.777181
3688 0.0787512
3689 0.126071
3690 2.18224
3691 0.344421
3692 1.05063
3693 0.968682
3694 0.478886
3695 0.95454
3696 0.888048
3697 0.590462
3698 0.931212
3699 0.196273
3700 0.707516
3701 1.20465
3702 1.06242
3703 0.622724
3704 0.0434948
3705 1.74972
3706 0.959924
3707 0.794179
3708 0.80834
3709 0.00182815
3710 1.12367
3711 1.19228
3712 0.163199
3713 1.02053
3714 0.967007
3715 0.502607
3716 0.60861
3717 0.344421
3718 0.908383
3719 0.977919
3720 1.31444
3721 1.11065
3722 1.42824
3723 0.732781
3724 0.286767
3725 1.34947
3726 0.567747
3727 0.685594
3728 1.21193
3729 0.00182815
3730 0.852584
3731 1.34463
3732 0.0684948
3733 0.314328
3734 1.4459
3735 0.550467
3736 0.288565
3737 1.26595
3738 1.55357
3739 0.95167
3740 1.41946
3741 0.441589
3742 0.714328
3743 1.34947
3744 0.344421
3745 0.653509
3746 0.501828
3747 1.3545
3748 0.00182815
3749 0.56861
3750 0.986002
3751 0.736352
3752 1.1061
3753 1.0572
3754 0.365999
3755 0.25613
3756 2.61797
3757 1.02571
3758 1.87277
3759 1.21799
3760 0.749874
3761 0.872196
3762 0.518738
3763 0.443164
3764 1.39328
3765 0.0550913
3766 0.489802
3767 0.474151
3768 1.02946
3769 0.586617
3770 0.489977
3771 0.537939
3772 0.398682
3773 0.523773
3774 1.27897
3775 0.973324
3776 1.12292
3777 0.341483
3778 0.642203
3779 1.15039
3780 0.645338
3781 0.361718
3782 1.39664
3783 0.677792
3784 0.435935
3785 0.586841
3786 0.745415
3787 0.578019
3788 0.239502
3789 1.36028
3790 1.51015
3791 1.49182
3792 0.809118
3793 2.12654
3794 1.37945
3795 0.178904
3796 0.298558
3797 1.35854
3798 0.00182815
3799 1.61896
3800 1.43297
3801 0.535161
3802 0.584979
3803 1.13266
3804 1.58064
3805 0.267869
3806 0.552958
3807 0.126828
3808 0.201828
3809 1.09221
3810 1.37203
3811 0.147661
3812 0.562672
3813 0.707516
3814 0.550767
3815 0.52265
3816 0.249447
3817 0.416069
3818 0.451248
3819 0.806157
3820 0.00182815
3821 1.31982
3822 1.19581
3823 1.08758
3824 1.44701
3825 2.08456
3826 1.30865
3827 0.472914
3828 0.804338
3829 1.83679
3830 7.1167
3831 1.03535
3832 0.327208
3833 1.25518
3834 0.236822
3835 0.99761
3836 1.60629
3837 0.935481
3838 2.23545
3839 0.294555
3840 0.507212
3841 0.943332
3842 1.47387
3843 0.262561
3844 0.414166
3845 0.499292
3846 0.501828
3847 1.36237
3848 0.479757
3849 0.607185
3850 0.937108
3851 1.79383
3852 0.612304
3853 0.00182815
3854 0.0340862
3855 0.656976
3856 0.00182815
3857 0.601396
3858 0.832802
3859 0.281578
3860 0.946225
3861 1.98988
3862 0.915694
3863 0.842968
3864 0.707516
3865 0.0944207
3866 0.742558
3867 1.16994
3868 1.22155
3869 1.21787
3870 1.11542
3871 0.392726
3872 0.931502
3873 1.12474
3874 0.823557
3875 0.201828
3876 0.304361
3877 1.71005
3878 0.441428
3879 0.0340862
3880 0.74262
3881 0.776602
3882 0.202862
3883 0.95454
3884 0.812444
3885 0.335162
3886 0.919342
3887 0.859783
3888 0.708996
3889 0.272672
3890 0.222364
3891 1.39072
3892 0.746634
3893 0.300217
3894 0.909938
3895 0.607233
3896 0.800386
3897 0.436352
3898 1.08371
3899 0.347469
3900 1.28846
3901 0.616583
3902 1.40579
3903 0.740436
3904 0.630191
3905 0.620114
3906 1.79991
3907 1.07613
3908 0.685742
3909 0.780597
3910 0.169505
3911 0.707516
3912 0.899747
3913 0.410384
3914 0.473562
3915 0.905089
3916 0.584841
3917 0.965656
3918 3.47997
3919 0.687873
3920 0.921382
3921 1.58374
3922 0.0927373
3923 0.79242
3924 1.52906
3925 0.480796
3926 1.31047
3927 1.50741
3928 0.0384894
3929 0.648336
3930 2.21709
3931 1.1416
3932 0.793134
3933 1.46856
3934 0.375281
3935 0.00182815
3936 0.202504
3937 0.529349
3938 2.68519
3939 0.307918
3940 0.394471
3941 0.372812
3942 0.0732567
3943 0.489251
3944 0.455542
3945 1.62294
3946 0.361718
3947 1.2386
3948 2.07272
3949 1.58417
3950 1.31525
3951 1.32262
3952 0.330832
3953 0.256529
3954 0.597661
3955 0.0635455
3956 1.19471
3957 1.03823
3958 0.434075
3959 0.0787512
3960 0.996853
3961 0.664923
3962 0.990194
3963 0.669029
3964 0.810851
3965 0.17995
3966 1.49643
3967 0.962514
3968 1.6123
3969 0.881985
3970 0.423348
3971 1.64012
3972 0.715935
3973 0.239777
3974 0.00182815
3975 0.803578
3976 0.480997
3977 0.236466
3978 0.171712
3979 0.871328
3980 18.8159
3981 0.693609
3982 1.46771
3983 0.12806
3984 0.0169492
3985 0.620917
3986 0.981918
3987 0.516949
3988 0.676363
3989 0.982858
3990 0.766949
3991 0.274525
3992 0.239171
3993 0.590216
3994 1.10176
3995 0.954251
3996 0.750715
3997 0.942669
3998 1.71904
3999 0.921711
4000 1.2716
4001 0.516949
4002 0.752699
4003 0.296565
4004 1.04307
4005 0.338378
4006 0.159806
4007 0.766949
4008 0.0169492
4009 0.899812
4010 0.0169492
4011 0.399525
4012 0.516949
4013 0.52099
4014 1.19981
4015 0.0169492
4016 0.766949
4017 1.41049
4018 0.503383
4019 0.658939
4020 0.887113
4021 0.973982
4022 0.0169492
4023 2.2479
4024 0.0169492
4025 0.766949
4026 0.801363
4027 1.46662
4028 0.266949
4029 0.516949
4030 2.04682
4031 1.54913
4032 0.159806
4033 0.239171
4034 0.0725047
4035 0.0169492
4036 0.266949
4037 0.296711
4038 1.12976
